00000000000000000000111100010011
00000001000000000000111110010011
00000000010000000000100010010011
00001111110000010000010100010111
00001011010001010000010100010011
00000000000000000000000001110011
00000000010100000000100010010011
00000000000000000000000001110011
00000000101000000000010000110011
00000001100000000000000011101111
00000000010000000000100010010011
00001111110000010000010100010111
00010010010101010000010100010011
00000000000000000000000001110011
11111101000111111111000011101111
11111111111001000100011011100011
11111111111101000101010011100011
00000000000000000000111100010011
00000010000000000000111110010011
00000000010000000000100010010011
00001111110000010000010100010111
00001001100101010000010100010011
00000000000000000000000001110011
00000000010100000000100010010011
00000000000000000000000001110011
00000000101000000000010010110011
00000001100000000000000011101111
00000000010000000000100010010011
00001111110000010000010100010111
00001110000101010000010100010011
00000000000000000000000001110011
11111101000111111111000011101111
11111111111001001100011011100011
11111111111101001101010011100011
00000001000000000000111010010011
00000000000000000000111100010011
00000000000100000000111110010011
00001111110000010000100100010111
11110110110010010000100100010011
00001111110000010000101100010111
11111010010010110000101100010011
00000000010000000000100010010011
00001111110000010000010100010111
00000110101101010000010100010011
00000000000000000000000001110011
00000000010100000000100010010011
00000000000000000000000001110011
00000000101000000000100110110011
00000001111010011000111001100011
00000111111110011000011001100011
00000000010000000000100010010011
00001111110000010000010100010111
00001010100001010000010100010011
00000000000000000000000001110011
11111100110111111111000011101111
00000101110111110101100001100011
00000000100111110000010001100011
00000100000000000000000011101111
00000000001001001001111000010011
00000001110010110000100110110011
00000000000010011010010100000011
00000000101000000000001100110011
00000000001001000001111000010011
00000001110010010000100110110011
00000000000010011010010100000011
00000000100100110001101000110011
11111111111110100100101000010011
00000001010000000000010100110011
00000000000100000000100010010011
00000000000000000000000001110011
00000000001001001001111000010011
00000001110010010000100110110011
00000001010010011010000000100011
00000000000111110000111100010011
11111011010111111111000011101111
00000000000000000000111100010011
00000011110111110101100001100011
00000000100111110000010001100011
00000010000000000000000011101111
00000000001001001001111000010011
00000001110010010000100110110011
00000000000010011010010100000011
00000000100101010100101000110011
00000000001001001001111000010011
00000001110010010000100110110011
00000001010010011010000000100011
00000000000111110000111100010011
11111101010111111111000011101111
00000000000000000000111100010011
00000011110111110101100001100011
00000000010000000000100010010011
00001111110000010000010100010111
11111110001101010000010100010011
00000000000000000000000001110011
00000000001011110001001100010011
00000000011010010000100110110011
00000000000010011010010100000011
00000000000100000000100010010011
00000000000000000000000001110011
00000000000111110000111100010011
11111101010111111111000011101111
11100110110111111111000011101111