00000011100000000000000011101111
11111111010000010000000100010011
00000000010100010010010000100011
00000000011000010010001000100011
00000000011100010010000000100011
00000000101101010000001010110011
00000000110101100000001100110011
01000000011000101000001110110011
00000000011100000000010100110011
00000000100000010010001010000011
00000000010000010010001100000011
00000000000000010010001110000011
00000000110000010000000100010011
00000000000000001000000011100111
00000000000000000000010100010011
00000000000100000000010110010011
00000000001000000000011000010011
00000000001100000000011010010011
11111011110111111111000011101111